2 0 142
4 1 2 5 6
2 3 4
3 7 8 224
3 9 59 626
3 10 13 231
4 11 12 325 1410
3 14 18 20
4 15 16 327 976
5 17 71 73 82 144
8 19 21 28 38 60 70 170 3545
6 22 25 31 3703 3941 4348
2 23 4393
8 24 26 27 33 49 56 263 939
7 29 30 34 36 204 234 247
7 32 37 43 44 111 329 616
8 35 39 42 62 148 635 795 5606
6 40 45 51 108 295 1150
7 41 46 50 63 68 89 8332
7 47 52 53 54 58 424 4374
9 55 57 64 65 77 94 99 443 465
8 61 66 67 72 75 79 86 136
6 69 74 80 87 107 181
5 76 78 110 307 360
8 81 83 104 132 140 176 447 3484
9 84 85 90 96 101 145 317 406 2813
10 88 91 93 125 158 312 314 316 343 6934
8 92 118 126 139 143 401 1359 7049
8 95 97 103 114 123 131 321 5543
9 98 105 112 116 418 480 540 840 3883
7 100 106 129 160 236 251 710
9 102 115 121 122 124 165 221 898 1020
8 109 119 120 130 149 162 191 218
8 113 127 133 134 179 182 188 391
10 117 128 138 151 154 167 197 430 472 4040
9 135 137 171 185 270 289 3658 3713 4186
8 141 193 194 198 426 562 669 737
7 146 147 153 155 229 383 398
3 150 156 174
9 152 189 202 213 346 429 469 566 1038
9 157 159 163 173 195 226 258 685 3727
5 161 186 205 228 240
9 164 177 184 192 246 296 298 4678 7173
8 166 168 169 175 180 4075 4156 6111
8 172 178 183 220 269 301 392 557
10 187 190 196 201 207 299 349 579 1001 8850
9 199 235 242 334 416 504 763 805 5173
9 200 208 216 217 291 413 421 590 1139
8 206 233 742 752 860 944 1312 1318
7 209 225 227 237 259 431 464
7 210 215 223 367 440 1642 1705
7 211 214 337 373 390 432 722
8 212 230 232 253 287 323 371 437
7 219 238 262 308 662 757 2169
8 222 239 250 264 265 302 790 1019
7 241 243 358 466 844 1084 1547
9 244 257 470 571 1242 1408 1579 3504 8908
11 245 252 255 260 335 362 452 455 4160 4308 7223
8 248 249 256 339 351 598 758 1646
7 254 261 344 404 427 796 2840
10 266 272 278 471 558 1028 1213 1544 2322 2818
7 267 274 363 407 792 1522 2208
7 268 271 275 276 441 468 1190
8 273 277 279 309 393 410 948 1003
7 280 282 361 446 602 818 2890
8 281 283 305 336 341 729 759 1300
6 284 285 288 324 488 778
8 286 293 331 389 1536 1892 2130 4239
10 290 292 294 304 333 347 479 937 1088 4399
3 297 300 310
2 306 4338
7 311 1073 1457 1526 1636 3733 4191
8 313 319 322 340 345 436 587 675
9 315 330 338 534 569 631 702 906 1006
8 318 320 385 451 532 1645 1898 1923
8 326 342 386 420 460 491 535 638
9 328 352 490 495 676 785 1552 1641 1701
10 332 348 350 357 370 520 573 756 1341 9326
8 353 434 450 496 526 1095 1230 4649
8 354 355 356 359 411 438 811 2117
9 364 1078 1375 1478 3441 3609 3734 3884 3886
7 365 366 487 653 1231 1301 1456
6 368 2826 2827 2833 3427 5944
8 369 399 449 503 522 913 1290 2824
5 372 374 387 433 641
9 375 376 402 456 505 630 1014 1137 2983
8 377 473 521 570 712 901 910 1948
10 378 382 395 405 525 548 593 791 794 3346
10 379 575 663 687 721 2014 2064 2172 4091 5175
8 380 384 1224 1238 2070 2946 3273 3644
7 381 388 618 647 747 1367 1559
8 394 396 594 620 1129 1191 1304 8572
8 397 453 528 551 555 637 679 7058
8 400 403 412 414 478 486 828 1378
8 408 693 735 848 1059 1180 1254 1558
10 409 415 463 467 500 588 597 623 807 8543
7 417 425 484 512 609 919 1022
8 419 422 454 515 628 644 770 998
10 423 428 459 538 545 574 705 762 2138 4203
8 435 461 614 632 652 667 707 3259
9 439 444 688 855 878 885 1144 1148 1343
9 442 462 586 686 703 706 746 749 1009
4 445 448 458 492
11 457 475 485 501 510 577 651 1952 2032 2868 9472
3 474 476 4691
10 477 481 529 550 581 600 784 1374 1581 1887
9 482 524 527 556 625 650 690 1210 2627
9 483 494 695 701 888 1161 1350 2858 3458
11 489 493 511 514 576 634 1162 1739 2157 2752 4116
8 497 509 518 539 564 879 1064 2055
9 498 531 544 561 694 723 869 926 2049
6 499 2575 2631 2895 3080 3954
10 502 523 543 547 591 603 822 1093 1293 2597
10 506 516 536 537 604 725 911 1115 1207 1212
9 507 508 517 654 664 783 797 994 2163
10 513 549 578 582 798 932 1452 1602 3836 4268
10 519 530 546 612 619 717 2716 3529 4142 5254
8 533 542 592 621 642 648 1052 4929
10 541 552 659 670 682 829 861 955 1082 4041
7 553 589 605 810 845 1718 3189
8 554 559 624 668 673 755 3520 3526
5 560 599 613 681 766
11 563 565 572 584 684 745 781 1280 1698 1841 3021
8 567 568 595 698 727 764 899 1015
10 580 596 636 639 841 858 882 927 980 4747
8 583 608 611 629 689 812 824 835
7 585 601 607 649 680 771 773
11 606 610 615 617 691 692 801 868 891 1060 1226
10 622 627 633 711 714 738 750 2318 2656 2897
6 640 643 678 877 1007 1018
8 645 744 954 960 1086 1120 1758 1929
9 646 713 732 748 827 1063 1128 1141 1247
9 655 660 740 786 903 971 1479 2090 3820
10 656 657 736 851 931 1158 1195 1573 3588 5825
11 658 661 665 674 683 803 904 1127 1147 1306 3950
7 666 2485 2560 2945 3002 3264 4220
9 671 779 809 814 838 1021 1680 2200 3120
12 672 677 696 697 704 715 724 731 743 804 900 962
9 699 708 716 728 787 788 831 1261 2658
9 700 709 733 760 765 834 1043 1055 5432
9 718 719 2498 2499 2753 2811 3252 4476 4729
5 720 751 754 813 820
12 726 730 753 799 918 973 981 1173 1278 1454 1510 3569
9 734 768 772 774 875 923 3835 4185 8217
9 739 761 793 863 884 1549 1731 2289 2563
9 741 767 777 800 850 925 966 1087 1134
9 769 775 776 806 815 1426 1847 2019 2586
8 780 816 836 1434 1659 1665 2224 3069
9 782 808 916 940 1249 1379 1514 1722 4790
10 789 802 819 887 1265 1274 1419 1488 2618 5029
10 817 821 862 889 914 917 1039 1202 2152 2544
8 823 847 866 870 995 1074 1204 3313
11 825 826 833 894 964 1157 1285 3256 3287 3679 3698
8 830 843 912 983 1122 1133 1576 2134
9 832 852 859 1017 1070 1662 3001 3920 4140
3 839 872 4392
10 842 846 867 1034 1451 1737 1759 2259 2300 3723
11 849 853 857 958 968 988 1893 3561 3591 3724 8789
6 854 865 909 963 1089 1344
7 856 871 880 905 915 1118 4192
5 864 881 893 970 978
5 873 2889 3274 3611 3755
9 874 876 947 1026 1083 1437 1669 1939 4305
3 883 936 943
9 886 890 924 974 1036 1044 1728 1931 5563
10 892 895 921 929 996 1056 1076 1077 1327 1805
8 896 897 928 941 1032 1184 1599 2724
10 902 907 938 999 1011 1156 1219 3327 3440 3812
7 908 1041 1124 1241 1303 1951 2276
11 920 922 930 959 997 1033 1091 1149 1234 1677 2530
9 933 934 946 972 1153 1334 1826 2441 4124
9 935 969 1037 2487 2625 2767 3023 3347 3380
9 942 949 953 985 1108 1726 2277 2410 5390
10 945 950 952 1042 1119 1126 1225 1295 1562 6152
10 951 967 1031 1053 1099 2962 2980 3192 3277 3286
9 956 992 993 1012 1025 1103 1279 1287 1653
10 957 965 1023 1322 1329 1575 1619 1958 3110 4883
5 961 975 986 987 1000
9 977 979 991 1621 1661 1808 3551 3863 3871
10 982 1004 1029 1068 1080 1112 1288 1909 3626 4865
4 984 990 1008 1027
6 989 1016 1035 1049 1085 1114
10 1002 1048 1050 1167 1196 1362 1398 1570 1823 3617
10 1005 1010 1046 1061 2584 2723 2798 3035 3185 3237
8 1013 1051 1058 1151 1185 1403 1472 1569
9 1024 1054 1062 1065 1092 1172 1467 3642 4022
8 1030 1045 1047 1057 1107 1380 1425 1439
3 1040 1066 1067
8 1069 1072 1358 1401 1445 1473 1614 2225
8 1071 1094 1237 1244 1336 1633 4275 8921
8 1075 1165 1243 1607 1658 2253 2540 4841
7 1079 1101 1105 2896 2974 3378 4042
7 1081 1096 1116 1183 1404 1427 4311
5 1090 1097 1098 1136 1284
10 1100 1102 1104 1123 1125 1131 2769 2870 3224 3507
3 1106 1109 1140
5 1110 1132 1214 1270 1545
8 1111 1117 1130 1163 1423 1795 1837 4177
7 1113 1121 1145 1155 1216 3742 5665
7 1135 2557 2646 2807 3175 3716 3825
11 1138 1142 1143 2494 2496 2567 2692 3128 3335 3514 4474
2 1146 4332
7 1152 1154 1164 1174 1354 1586 3158
1 1159
8 1160 1199 1229 1413 1582 1663 2698 3613
6 1166 1171 1205 1356 2457 2755
10 1168 1203 1217 1388 2071 2188 3486 3665 4129 5841
7 1169 1176 1187 1442 3248 3417 3797
10 1170 1175 1179 1283 1286 1744 1788 2287 2463 8330
10 1177 1181 1188 1235 1449 1616 1694 3604 3671 3737
9 1178 1182 1198 1236 1611 1713 3186 3244 4241
8 1186 1189 1193 1291 1321 1390 2337 4424
4 1192 3227 3656 3861
9 1194 1197 1255 1262 1268 2302 2593 2693 3204
10 1200 1215 1271 1275 1371 1400 1506 1683 2238 4542
10 1201 1211 1248 1253 1258 1507 1585 1699 3809 4378
2 1206 1339
5 1208 2994 3184 3559 4416
13 1209 1218 1220 1310 1446 1462 1481 3109 3115 3456 3872 4077 6063
9 1221 1222 1232 1257 1316 1333 1366 1377 1418
4 1223 1245 1246 4432
10 1227 1233 1239 1259 1277 1298 1360 1482 1983 3945
10 1228 1240 1250 1282 1289 1405 1483 1495 1961 2509
11 1251 1252 1256 1264 1266 1361 1571 1825 2100 4189 4271
8 1260 1263 1292 1296 1385 3015 3280 3705
11 1267 1294 1299 1317 1340 1370 1520 1600 2697 3064 6870
9 1269 1272 1302 1307 1351 1397 1484 2321 3987
12 1273 1276 1281 1297 1308 1444 1615 1675 1812 3031 3749 8253
6 1305 1309 1314 1409 1546 4923
7 1311 1320 1382 1440 1490 1497 1652
3 1313 1319 4269
12 1315 1323 1324 1330 1337 1622 1811 1881 3019 3126 3612 3619
8 1325 1328 1486 1574 1801 1809 1972 2271
9 1326 1331 1338 1342 1347 3008 3359 3771 3880
7 1332 1345 1485 1742 1935 1962 2273
9 1335 1346 1348 1357 1373 1556 1903 3020 3246
8 1349 1364 1383 1469 1971 2096 2592 4057
7 1352 1389 1468 1554 2013 2516 4341
3 1353 1355 1376
8 1363 1365 1368 1402 1567 1578 1754 2448
8 1369 1387 1463 1498 1542 1969 2411 4568
4 1372 1381 3791 4193
10 1384 1386 1391 1395 1502 1821 3422 3488 3929 4296
7 1392 1516 1596 1608 1617 1966 2845
7 1393 1394 1671 1764 1813 4018 4886
8 1396 1450 1477 1703 2522 3336 3627 3994
2 1399 4339
9 1406 1411 1672 1760 1868 3310 3412 3517 3618
10 1407 1412 1417 1420 1519 1566 1657 1915 2298 2664
9 1414 1415 1416 1432 1517 3465 4180 4251 4484
9 1421 1422 1424 1666 2258 2902 3715 3804 8301
6 1428 1654 1829 1877 1899 2007
8 1429 1592 1604 1687 2966 3405 3684 4301
6 1430 1431 1435 1572 1950 2709
7 1433 1670 1678 1987 2703 2819 3279
10 1436 1466 1499 1535 1807 1928 1938 2326 2449 3032
12 1438 1441 1458 1461 1471 1493 1505 1540 1848 2170 2286 2659
8 1443 1448 1538 1548 1577 1594 2423 2862
9 1447 1453 1464 1525 1856 1895 2353 2806 8147
8 1455 1767 1770 1894 2759 2886 3255 3971
8 1459 1513 1533 1704 2582 3330 3415 3525
10 1460 1476 1590 1690 1696 1730 1798 1802 1865 4310
10 1465 1470 1501 1610 1766 2853 3003 3390 3503 3969
9 1474 1475 1598 1626 3165 3369 3543 3959 5586
5 1480 1555 4079 4592 8377
9 1487 1539 1597 1606 1648 1849 3769 3928 4315
12 1489 1491 1494 1504 1591 1668 1707 2018 2098 3301 3337 3558
12 1492 1496 1643 1774 1786 1996 2002 2067 2943 3087 3497 9329
9 1500 1521 1612 1702 1706 1940 2185 2203 4622
9 1503 1509 1561 1740 1816 1954 2953 3063 3633
8 1508 1511 1531 1534 1623 1793 2612 2620
12 1512 1515 1550 1553 1568 1736 2257 2630 3150 3318 3448 4298
11 1518 1523 1532 1681 1682 2303 2801 2933 3198 3464 6467
10 1524 1537 1541 1551 1618 1712 2825 2936 3059 4210
5 1527 1529 3848 3857 4425
11 1528 1530 1557 1583 1584 1624 1632 1708 2196 2839 4662
13 1543 1560 1564 1565 1589 1747 1749 2091 2503 2671 2864 3084 4545
3 1563 2486 3207
8 1580 1595 1695 2489 2789 2894 3179 3890
7 1587 1603 1629 1673 1691 1751 4321
10 1588 1601 1613 1638 1649 1650 1732 1991 2073 2848
10 1593 1628 1644 1748 1750 1919 1927 2976 3304 3887
11 1605 1655 1676 1715 1719 2012 2083 2361 2456 4049 5244
11 1609 1620 1656 1727 1890 2388 2970 3357 3400 3711 5272
11 1625 1627 1631 1639 1714 1717 2739 2749 2914 3858 4354
10 1630 1634 1660 1688 1711 1765 2001 2094 2847 3643
12 1635 1640 1647 1700 1709 1743 1851 2120 2301 2421 2750 8022
10 1637 1674 1684 1721 1771 1782 1916 2005 2103 2408
9 1651 1667 1679 1741 2088 2194 2764 3485 4181
9 1664 1685 1716 1761 1780 2195 2266 3180 3408
9 1686 1692 1720 2004 2029 2574 2836 3523 4292
10 1689 1693 1710 1756 1769 1858 2161 2623 2968 6623
10 1697 1723 1725 1783 1806 1975 2136 3533 3903 5179
10 1724 1729 1738 1800 1850 2030 2069 2145 2677 3491
2 1733 1785
10 1734 1745 1799 1814 1827 2092 2133 2280 3043 4538
9 1735 1746 1752 1753 1763 2524 2604 2608 2770
5 1755 1768 1772 1775 1998
8 1757 1762 1787 1789 2995 3014 3223 9476
9 1773 1777 1779 1781 1836 1878 2211 2243 2508
5 1776 1778 2855 3028 4047
9 1784 1790 1822 1857 1906 1917 2310 2312 2691
8 1791 1796 1828 1936 2046 2113 2227 3985
2 1792 1817
9 1794 1797 1810 1818 2306 2446 2521 3010 3899
7 1803 2493 2506 2629 2873 2909 3402
7 1804 1819 1824 1839 2050 2491 3111
10 1815 1820 1832 2215 2222 2690 2987 3143 3719 4158
7 1830 1831 1889 2111 2114 2376 3097
7 1833 1834 1853 2022 2820 3040 3107
9 1835 1840 1854 2454 2579 2746 3070 3172 3218
8 1838 1842 1901 2081 2223 2252 2329 4133
5 1843 1844 3637 3652 4127
2 1845 1855
9 1846 1861 1882 2242 2533 2678 3131 3356 5571
9 1852 1859 1870 1941 2028 2779 3074 3305 3638
10 1860 1862 1871 1905 1965 2202 2349 2554 4215 7441
9 1863 1872 1921 1926 2102 2404 2435 3312 4286
8 1864 1876 1885 1925 2440 2450 2814 4811
3 1866 1867 1880
9 1869 1873 1875 1953 1990 2182 2219 2221 3922
6 1874 2569 2830 3452 3860 4671
10 1879 1886 1891 1988 2003 2066 2080 2210 2609 4732
9 1883 1884 1896 1897 1932 1957 2915 3214 3298
10 1888 1902 1907 1914 1920 2010 2369 2474 3781 3850
11 1904 1912 1946 1974 2038 2058 2363 2391 2679 3026 3927
9 1908 1910 1911 1918 2342 2379 2871 3094 3341
2 1913 1922
2 1924 1956
8 1930 1933 2097 2392 2689 3041 3093 3386
7 1934 1945 2155 2251 3536 3670 3690
9 1937 1981 1999 2127 2372 2458 2606 3033 4725
9 1942 1960 1964 2047 2422 2490 2851 4277 6185
9 1943 1967 1989 2199 2707 2965 3098 3284 3289
7 1944 1976 2027 2792 3283 3344 3562
8 1947 1980 1982 2183 2488 2583 2964 9573
11 1949 1968 2023 2024 2093 2101 2757 2865 3677 3892 4846
10 1955 2045 2048 2109 2378 2427 2624 2876 3012 3730
2 1959 2053
4 1963 1979 2016 2265
11 1970 2033 2035 2037 2062 2162 2832 3100 3132 3492 4242
8 1973 2054 2063 2447 2500 2534 2683 2794
10 1977 1985 2017 2214 2619 3576 3681 3838 4319 5672
9 1978 1984 1986 2044 2052 2129 2177 4069 5370
11 1992 1995 2041 2042 2401 2403 2699 2872 3571 3595 3664
9 1993 1994 2000 2025 2034 2039 2158 2445 4951
8 1997 2011 2021 2365 2727 2772 3240 3837
11 2006 2031 2040 2137 2197 2226 2637 2650 2701 2773 4695
12 2008 2026 2036 2043 2051 2068 2085 2146 2165 3046 3712 4005
3 2015 2424 2430
12 2020 2056 2057 2116 2190 2267 2638 2726 3290 3745 4013 4891
9 2059 2065 2142 2149 2708 2849 3449 3897 4095
10 2060 2072 2086 2139 2186 2201 2460 2492 3431 4120
10 2061 2074 2075 2078 2084 2232 2249 2307 2821 3413
8 2076 2082 2087 2124 2131 2193 3134 4178
7 2077 2089 2099 3102 3447 3630 8069
11 2079 2095 2104 2325 2336 2570 2616 2643 3153 3229 7161
8 2105 2108 2125 2285 2328 2339 2502 4054
10 2106 2107 2144 2283 2347 3075 3140 3162 3383 4509
10 2110 2154 2354 2475 2674 2823 2961 3048 3407 4918
11 2112 2121 2153 2274 2387 2607 2878 3349 3350 3702 5037
7 2115 2151 2189 2263 2317 2812 3965
10 2118 2119 2174 2175 2451 2469 2728 3039 3741 3931
7 2122 2247 2269 2978 3106 3522 3856
11 2123 2126 2164 2218 2237 2561 2744 2877 3243 3500 5859
9 2128 2141 2148 2150 2168 2262 2598 2666 3914
10 2132 2160 2179 2205 2256 2471 2621 2888 3206 3620
10 2135 2140 2156 2159 2236 2705 2733 2985 3042 3762
13 2143 2167 2173 2382 2395 2398 2419 2595 2719 2905 3662 3956 4446
9 2147 2171 2397 2414 2416 2425 2615 4303 5434
13 2166 2178 2192 2228 2231 2254 2255 2409 2734 2843 2926 3505 4760
6 2176 2923 3081 3423 3984 4683
9 2180 2184 2204 2239 2572 3062 3268 3518 3528
9 2181 2206 2213 2282 2406 2704 2908 2929 3324
7 2187 2191 2468 2483 2763 2998 4218
9 2198 2207 2246 2341 2351 2438 2472 2669 7951
10 2209 2234 2358 2367 2636 2725 2730 3535 4324 9530
7 2212 2439 2461 2473 2844 3151 3288
12 2216 2220 2229 2244 2294 2331 2743 3226 3250 3322 3792 3819
9 2217 2248 2344 2381 2655 2911 3099 3254 3589
12 2230 2235 2240 2241 2268 2279 2478 2549 2628 2786 3076 4023
12 2233 2245 2270 2319 2340 2350 2394 2562 2815 3718 4157 5423
9 2250 2260 2272 2308 2687 2775 3125 3934 8131
8 2261 2264 2299 2532 2672 3095 3902 4243
10 2275 2281 2284 2295 2443 2617 2785 2922 3478 6687
7 2278 2288 2517 2529 2553 2610 3480
9 2290 2366 2400 2417 2459 2795 2879 2880 3586
9 2291 2315 2437 2462 2484 2555 2564 2940 3978
9 2292 2309 2311 2428 2700 2822 3780 4122 5988
10 2293 2304 2330 2332 2334 2527 2588 2594 3302 4145
11 2296 2305 2314 2345 2364 2371 2481 3275 3434 3889 4955
6 2297 2514 2545 2550 3787 4108
10 2313 2320 2370 2413 2466 2647 2842 2993 3455 5547
10 2316 2323 2343 2348 2380 2860 3265 3387 3631 7641
4 2324 2335 2338 2346
10 2327 2333 2360 2375 2407 2420 2518 2654 3688 7825
10 2352 2355 2359 2433 2510 2863 2925 3238 4197 9536
10 2356 2357 2362 2373 2431 2476 2721 3000 3113 3975
11 2368 2377 2383 2386 2389 2434 2452 2685 2816 3388 7713
9 2374 2390 2396 2405 2546 2747 3687 3911 4103
